              precision    recall  f1-score   support

           A     1.0000    1.0000    1.0000         6
           B     1.0000    1.0000    1.0000         6
           C     0.8571    1.0000    0.9231         6
           D     1.0000    1.0000    1.0000         6
           E     1.0000    1.0000    1.0000         6
           F     1.0000    1.0000    1.0000         6
           G     0.0000    0.0000    0.0000         6
           H     0.5000    1.0000    0.6667         6
           I     1.0000    1.0000    1.0000         6
           J     1.0000    1.0000    1.0000         6
           K     1.0000    1.0000    1.0000         6
           L     1.0000    1.0000    1.0000         6
           M     1.0000    1.0000    1.0000         6
           N     1.0000    1.0000    1.0000         6
           O     0.7500    1.0000    0.8571         6
           P     0.7500    1.0000    0.8571         6
           Q     0.6000    1.0000    0.7500         6
           R     1.0000    0.8333    0.9091         6
           S     1.0000    1.0000    1.0000         6
           T     1.0000    1.0000    1.0000         6
           U     1.0000    1.0000    1.0000         6
           V     0.6667    1.0000    0.8000         6
           W     1.0000    0.1667    0.2857         6
           X     1.0000    1.0000    1.0000         6
           Y     0.0000    0.0000    0.0000         6
           Z     1.0000    1.0000    1.0000         6

    accuracy                         0.8846       156
   macro avg     0.8509    0.8846    0.8480       156
weighted avg     0.8509    0.8846    0.8480       156
